0.0284 2.3785 2.5275 0.0552 2.6166 2.5263 0.0284 2.4554 2.5006 0.0284 2.4408 2.5006 0.0198 2.5751 2.4969 0.0286 2.5958 2.4969 0.0289 2.4982 2.4799 0.0194 2.5348 2.4847 nan nan nan
0.1283 2.3553 2.5104 0.1550 2.6435 2.5153 0.1283 2.4469 2.4896 0.1283 2.4274 2.5189 0.1197 2.6093 2.4823 0.1285 2.6435 2.5055 0.1288 2.5104 2.4921 0.1193 2.5433 2.5043 nan nan nan
0.2282 2.3370 2.5104 0.2550 2.6606 2.5153 0.2283 2.4420 2.4896 0.2283 2.4151 2.5201 0.2197 2.6288 2.4847 0.2285 2.6642 2.5055 0.2287 2.5104 2.4921 0.2193 2.5531 2.5043 nan nan nan
0.3281 2.3260 2.5104 0.3549 2.6728 2.5153 0.3282 2.4371 2.4884 0.3281 2.4066 2.5201 0.3195 2.6422 2.4847 0.3283 2.6777 2.5055 0.3286 2.5104 2.4921 0.3191 2.5604 2.5055 nan nan nan
0.4280 2.3175 2.5140 0.4549 2.6838 2.5177 0.4280 2.4335 2.4896 0.4280 2.3993 2.5189 0.4194 2.6508 2.4847 0.4282 2.6874 2.5055 0.4285 2.5104 2.4933 0.4190 2.5629 2.5067 nan nan nan
0.5279 2.3077 2.5140 0.5548 2.6923 2.5140 0.5279 2.4274 2.4896 0.5279 2.3932 2.5214 0.5193 2.6569 2.4823 0.5281 2.6960 2.5055 0.5283 2.5104 2.4921 0.5189 2.5653 2.5055 nan nan nan
0.6277 2.2979 2.5128 0.6547 2.6972 2.5177 0.6278 2.4274 2.4908 0.6277 2.3871 2.5189 0.6192 2.6630 2.4835 0.6280 2.7021 2.5043 0.6282 2.5079 2.4921 0.6188 2.5678 2.5055 nan nan nan
0.7276 2.2943 2.5165 0.7547 2.7057 2.5177 0.7277 2.4274 2.4921 0.7276 2.3834 2.5189 0.7191 2.6679 2.4835 0.7278 2.7082 2.5055 0.7281 2.5116 2.4933 0.7186 2.5702 2.5043 nan nan nan
0.8275 2.2894 2.5128 0.8546 2.7082 2.5165 0.8275 2.4261 2.4908 0.8275 2.3785 2.5201 0.8190 2.6728 2.4823 0.8277 2.7143 2.5043 0.8280 2.5116 2.4908 0.8185 2.5726 2.5055 nan nan nan
0.9274 2.2845 2.5128 0.9545 2.7155 2.5165 0.9274 2.4249 2.4896 0.9274 2.3761 2.5189 0.9189 2.6764 2.4823 0.9276 2.7179 2.5055 0.9278 2.5104 2.4933 0.9184 2.5751 2.5031 nan nan nan
1.0273 2.2784 2.5128 1.0545 2.7228 2.5153 1.0273 2.4237 2.4896 1.0273 2.3736 2.5189 1.0187 2.6813 2.4835 1.0275 2.7216 2.5031 1.0277 2.5104 2.4933 1.0182 2.5763 2.5043 nan nan nan
1.1272 2.2735 2.5128 1.1545 2.7289 2.5140 1.1273 2.4261 2.4896 1.1272 2.3724 2.5177 1.1187 2.6850 2.4847 1.1274 2.7241 2.5055 1.1277 2.5092 2.4921 1.1182 2.5751 2.5055 nan nan nan
1.2272 2.2686 2.5104 1.2544 2.7326 2.5153 1.2272 2.4286 2.4908 1.2271 2.3700 2.5201 1.2187 2.6886 2.4835 1.2273 2.7265 2.5055 1.2276 2.5067 2.4933 1.2181 2.5751 2.5043 nan nan nan
1.3271 2.2650 2.5116 1.3544 2.7375 2.5177 1.3271 2.4298 2.4921 1.3271 2.3663 2.5189 1.3186 2.6935 2.4835 1.3273 2.7289 2.5043 1.3275 2.5018 2.4933 1.3181 2.5751 2.5055 nan nan nan
1.4271 2.2613 2.5116 1.4544 2.7436 2.5140 1.4271 2.4310 2.4921 1.4270 2.3639 2.5189 1.4185 2.6960 2.4847 1.4272 2.7314 2.5055 1.4275 2.5006 2.4933 1.4180 2.5775 2.5055 nan nan nan
1.5270 2.2576 2.5128 1.5543 2.7473 2.5140 1.5270 2.4310 2.4896 1.5270 2.3614 2.5189 1.5185 2.6984 2.4835 1.5271 2.7326 2.5043 1.5274 2.5018 2.4921 1.5179 2.5788 2.5055 nan nan nan
1.6269 2.2540 2.5128 1.6543 2.7485 2.5165 1.6269 2.4286 2.4933 1.6269 2.3590 2.5177 1.6185 2.6996 2.4835 1.6271 2.7363 2.5043 1.6273 2.5031 2.4921 1.6179 2.5788 2.5031 nan nan nan
1.7269 2.2503 2.5092 1.7542 2.7509 2.5140 1.7269 2.4261 2.4908 1.7268 2.3590 2.5201 1.7184 2.7045 2.4835 1.7270 2.7387 2.5043 1.7273 2.5006 2.4921 1.7178 2.5788 2.5043 nan nan nan
1.8268 2.2479 2.5104 1.8542 2.7521 2.5201 1.8268 2.4274 2.4921 1.8268 2.3578 2.5177 1.8184 2.7070 2.4835 1.8270 2.7411 2.5043 1.8272 2.4994 2.4945 1.8178 2.5800 2.5043 nan nan nan
1.9268 2.2442 2.5116 1.9542 2.7558 2.5177 1.9268 2.4261 2.4896 1.9267 2.3565 2.5189 1.9183 2.7106 2.4835 1.9269 2.7424 2.5031 1.9271 2.4994 2.4933 1.9177 2.5800 2.5043 nan nan nan
2.0267 2.2393 2.5104 2.0541 2.7582 2.5165 2.0267 2.4274 2.4884 2.0267 2.3553 2.5201 2.0183 2.7118 2.4835 2.0268 2.7436 2.5055 2.0271 2.4982 2.4933 2.0176 2.5800 2.5031 nan nan nan
2.1266 2.2393 2.5128 2.1541 2.7607 2.5153 2.1266 2.4249 2.4921 2.1266 2.3541 2.5201 2.1182 2.7143 2.4847 2.1268 2.7460 2.5031 2.1270 2.4945 2.4933 2.1176 2.5800 2.5055 nan nan nan
2.2266 2.2357 2.5165 2.2540 2.7656 2.5177 2.2266 2.4286 2.4884 2.2265 2.3529 2.5189 2.2181 2.7155 2.4847 2.2267 2.7436 2.5043 2.2270 2.4933 2.4921 2.2175 2.5800 2.5043 nan nan nan
2.3259 2.2308 2.5104 2.3533 2.7668 2.5153 2.3258 2.4310 2.4957 2.3258 2.3480 2.5189 2.3174 2.7155 2.4835 2.3259 2.7521 2.5055 2.3262 2.4908 2.4933 2.3166 2.5836 2.5055 nan nan nan
2.4258 2.2295 2.5104 2.4533 2.7680 2.5153 2.4258 2.4322 2.4933 2.4257 2.3480 2.5165 2.4174 2.7192 2.4823 2.4259 2.7521 2.5031 2.4261 2.4908 2.4921 2.4165 2.5849 2.5043 nan nan nan
2.5257 2.2259 2.5079 2.5533 2.7692 2.5153 2.5257 2.4383 2.4896 2.5256 2.3480 2.5189 2.5173 2.7204 2.4835 2.5258 2.7546 2.5031 2.5261 2.4884 2.4908 2.5165 2.5836 2.5031 nan nan nan
2.6257 2.2222 2.5116 2.6532 2.7753 2.5177 2.6256 2.4383 2.4896 2.6256 2.3480 2.5189 2.6172 2.7216 2.4835 2.6257 2.7534 2.5043 2.6260 2.4847 2.4945 2.6164 2.5836 2.5055 nan nan nan
2.7256 2.2222 2.5128 2.7532 2.7790 2.5165 2.7256 2.4432 2.4884 2.7255 2.3468 2.5189 2.7172 2.7228 2.4835 2.7256 2.7558 2.5043 2.7260 2.4847 2.4896 2.7164 2.5849 2.5043 nan nan nan
2.8255 2.2198 2.5165 2.8531 2.7802 2.5177 2.8255 2.4432 2.4896 2.8255 2.3443 2.5201 2.8171 2.7241 2.4835 2.8256 2.7546 2.5031 2.8259 2.4872 2.4921 2.8163 2.5836 2.5055 nan nan nan
2.9255 2.2198 2.5128 2.9531 2.7851 2.5153 2.9255 2.4457 2.4896 2.9254 2.3431 2.5189 2.9171 2.7253 2.4835 2.9255 2.7558 2.5055 2.9259 2.4896 2.4921 2.9162 2.5849 2.5055 nan nan nan
3.0254 2.2186 2.5079 3.0531 2.7875 2.5153 3.0254 2.4481 2.4933 3.0253 2.3419 2.5177 3.0170 2.7253 2.4847 3.0255 2.7570 2.5031 3.0258 2.4872 2.4908 3.0162 2.5836 2.5043 nan nan nan
3.1254 2.2161 2.5104 3.1530 2.7912 2.5140 3.1253 2.4457 2.4957 3.1253 2.3431 2.5189 3.1170 2.7265 2.4847 3.1254 2.7582 2.5043 3.1257 2.4872 2.4945 3.1161 2.5836 2.5043 nan nan nan
3.2253 2.2137 2.5153 3.2530 2.7924 2.5153 3.2253 2.4469 2.4884 3.2252 2.3419 2.5201 3.2169 2.7289 2.4847 3.2253 2.7582 2.5043 3.2257 2.4847 2.4921 3.2160 2.5824 2.5043 nan nan nan
3.3253 2.2088 2.5153 3.3530 2.7949 2.5189 3.3252 2.4493 2.4896 3.3251 2.3419 2.5189 3.3169 2.7302 2.4847 3.3253 2.7582 2.5043 3.3256 2.4799 2.4933 3.3160 2.5849 2.5043 nan nan nan
3.4252 2.2076 2.5165 3.4529 2.7985 2.5153 3.4252 2.4530 2.4945 3.4251 2.3407 2.5201 3.4168 2.7326 2.4847 3.4252 2.7607 2.5031 3.4256 2.4774 2.4908 3.4159 2.5861 2.5031 nan nan nan
3.5251 2.2076 2.5140 3.5529 2.7998 2.5177 3.5251 2.4493 2.4896 3.5250 2.3407 2.5189 3.5168 2.7338 2.4847 3.5251 2.7607 2.5055 3.5255 2.4762 2.4933 3.5158 2.5873 2.5043 nan nan nan
3.6251 2.2051 2.5104 3.6529 2.8010 2.5153 3.6251 2.4542 2.4884 3.6249 2.3394 2.5189 3.6167 2.7338 2.4823 3.6251 2.7619 2.5018 3.6254 2.4737 2.4921 3.6158 2.5885 2.5043 nan nan nan
3.7250 2.2002 2.5116 3.7528 2.8059 2.5140 3.7250 2.4554 2.4896 3.7249 2.3394 2.5189 3.7167 2.7338 2.4847 3.7250 2.7619 2.5043 3.7254 2.4737 2.4921 3.7157 2.5861 2.5055 nan nan nan
3.8249 2.1978 2.5128 3.8528 2.8071 2.5177 3.8249 2.4542 2.4908 3.8248 2.3394 2.5201 3.8166 2.7350 2.4847 3.8249 2.7631 2.5031 3.8253 2.4737 2.4921 3.8157 2.5849 2.5031 nan nan nan
3.9249 2.2479 2.4371 3.9527 2.8962 2.5067 3.9249 2.5238 2.4493 3.9247 2.3980 2.4799 3.9166 2.7814 2.3956 3.9249 2.8230 2.4579 3.9253 2.5275 2.4603 3.9156 2.6252 2.3797 nan nan nan
4.0248 2.2869 2.4921 4.0527 2.9402 2.4969 4.0248 2.5556 2.4750 4.0247 2.4274 2.5006 4.0165 2.8327 2.4676 4.0248 2.8596 2.4872 4.0252 2.5556 2.4762 4.0155 2.6874 2.4884 nan nan nan
4.1248 2.3382 2.5018 4.1527 2.9853 2.5043 4.1247 2.6068 2.4774 4.1246 2.4713 2.5067 4.1165 2.8864 2.4737 4.1247 2.9109 2.4921 4.1251 2.5983 2.4799 4.1155 2.7497 2.4921 nan nan nan
4.2247 2.3590 2.5067 4.2526 3.0061 2.5092 4.2247 2.6300 2.4847 4.2245 2.4908 2.5128 4.2164 2.9145 2.4786 4.2247 2.9365 2.5006 4.2251 2.6190 2.4847 4.2154 2.7778 2.5006 nan nan nan
4.3247 2.3895 2.4957 4.3526 3.0574 2.4982 4.3246 2.6667 2.4737 4.3245 2.5238 2.5006 4.3164 2.9463 2.4664 4.3246 2.9719 2.4860 4.3250 2.6496 2.4774 4.3153 2.8132 2.4847 nan nan nan
4.4246 2.4322 2.5006 4.4526 3.0928 2.5104 4.4246 2.7082 2.4847 4.4244 2.5629 2.5092 4.4163 2.9951 2.4774 4.4246 3.0171 2.4969 4.4250 2.6838 2.4847 4.4153 2.8657 2.4933 nan nan nan
4.5241 2.4505 2.5153 4.5519 3.1062 2.5092 4.5239 2.7289 2.4908 4.5238 2.5763 2.5165 4.5157 3.0134 2.4811 4.5240 3.0366 2.5031 4.5243 2.6960 2.4896 4.5145 2.8840 2.5018 nan nan nan
4.6240 2.4591 2.5079 4.6519 3.1184 2.5128 4.6239 2.7387 2.4884 4.6237 2.5873 2.5140 4.6156 3.0293 2.4799 4.6239 3.0513 2.5006 4.6243 2.7082 2.4860 4.6144 2.8999 2.5018 nan nan nan
4.7240 2.4652 2.5128 4.7519 3.1245 2.5116 4.7238 2.7460 2.4921 4.7236 2.5922 2.5177 4.7156 3.0379 2.4835 4.7239 3.0598 2.5018 4.7242 2.7204 2.4872 4.7144 2.9133 2.4994 nan nan nan
4.8239 2.4676 2.5128 4.8518 3.1136 2.5275 4.8237 2.7448 2.4933 4.8236 2.5910 2.5214 4.8155 3.0427 2.4811 4.8238 3.0659 2.5067 4.8241 2.7241 2.4908 4.8143 2.9206 2.5018 nan nan nan
4.9238 2.4237 2.5214 4.9518 3.0574 2.5287 4.9237 2.6935 2.5079 4.9235 2.5482 2.5311 4.9154 3.0000 2.4969 4.9237 3.0244 2.5177 4.9241 2.6899 2.5006 4.9142 2.8791 2.5165 nan nan nan
5.0238 2.3932 2.5201 5.0517 3.0305 2.5226 5.0236 2.6606 2.4982 5.0234 2.5189 2.5263 5.0154 2.9683 2.4908 5.0237 2.9976 2.5116 5.0240 2.6654 2.4969 5.0142 2.8498 2.5092 nan nan nan
5.1237 2.3736 2.5275 5.1517 2.9927 2.5348 5.1236 2.6361 2.5079 5.1234 2.4957 2.5360 5.1153 2.9499 2.4969 5.1236 2.9792 2.5201 5.1240 2.6508 2.5031 5.1141 2.8315 2.5165 nan nan nan
5.2237 2.3175 2.5238 5.2517 2.9414 2.5299 5.2235 2.5812 2.5055 5.2233 2.4457 2.5299 5.2153 2.8938 2.4982 5.2235 2.9255 2.5177 5.2239 2.6044 2.5018 5.2140 2.7705 2.5177 nan nan nan
5.3236 2.2906 2.5153 5.3516 2.9219 2.5189 5.3234 2.5519 2.4957 5.3233 2.4200 2.5238 5.3152 2.8657 2.4908 5.3235 2.9011 2.5104 5.3238 2.5800 2.4982 5.3140 2.7363 2.5104 nan nan nan
5.4236 2.2625 2.5299 5.4516 2.8767 2.5336 5.4234 2.5214 2.5092 5.4232 2.3907 2.5360 5.4152 2.8388 2.5031 5.4234 2.8718 2.5238 5.4238 2.5531 2.5092 5.4139 2.7094 2.5238 nan nan nan
5.5235 2.2088 2.5226 5.5516 2.8339 2.5263 5.5233 2.4725 2.5018 5.5231 2.3480 2.5275 5.5151 2.7888 2.4945 5.5234 2.8266 2.5177 5.5237 2.5128 2.5006 5.5139 2.6508 2.5140 nan nan nan
5.6235 2.1832 2.5165 5.6515 2.8132 2.5226 5.6232 2.4505 2.4982 5.6231 2.3272 2.5226 5.6151 2.7680 2.4908 5.6233 2.8034 2.5104 5.6236 2.4933 2.4945 5.6138 2.6252 2.5079 nan nan nan
5.7234 2.1685 2.5128 5.7515 2.7949 2.5140 5.7232 2.4347 2.4945 5.7230 2.3126 2.5214 5.7150 2.7558 2.4847 5.7232 2.7924 2.5067 5.7236 2.4811 2.4908 5.7137 2.6117 2.5031 nan nan nan
5.8233 2.1526 2.4982 5.8515 2.7839 2.5043 5.8231 2.4188 2.4933 5.8229 2.2955 2.5299 5.8150 2.7448 2.4786 5.8232 2.7814 2.5079 5.8235 2.4737 2.4786 5.8136 2.5983 2.5201 nan nan nan
5.9233 2.1441 2.5116 5.9514 2.7827 2.5177 5.9231 2.4103 2.4933 5.9229 2.2906 2.5189 5.9149 2.7411 2.4847 5.9231 2.7790 2.5067 5.9235 2.4725 2.4908 5.9136 2.5958 2.5043 nan nan nan
