1.1250	0.017
1.1500	0.036
1.1750	0.061
1.2000	0.091
1.2250	0.126
1.2500	0.165
1.2750	0.209
1.3000	0.258
1.3250	0.309
1.3500	0.363
1.3750	0.421
1.4000	0.479
1.4250	0.540
1.4500	0.603
1.4750	0.666
1.5000	0.729
1.5250	0.792
1.5500	0.853
1.5750	0.913
1.6000	0.971
1.6250	1.026
1.6500	1.079
1.6750	1.128
1.7000	1.173
1.7250	1.214
1.7500	1.250
1.7750	1.282
1.8000	1.308
1.8250	1.329
1.8500	1.345
1.8750	1.354
1.9000	1.357
1.9250	1.356
1.9500	1.348
1.9750	1.335
2.0000	1.316
2.0250	1.291
2.0500	1.263
2.0750	1.230
2.1000	1.192
2.1250	1.150
2.1500	1.106
2.1750	1.057
2.2000	1.007
2.2250	0.953
2.2500	0.898
2.2750	0.842
2.3000	0.785
2.3250	0.727
2.3500	0.671
2.3750	0.614
2.4000	0.559
2.4250	0.504
2.4500	0.452
2.4750	0.404
2.5000	0.357
2.5250	0.314
2.5500	0.273
2.5750	0.239
2.6000	0.207
2.6250	0.181
2.6500	0.159
2.6750	0.141
2.7000	0.130
2.7250	0.124
2.7500	0.123
2.7750	0.127
2.8000	0.135
2.8250	0.149
2.8500	0.168
2.8750	0.192
2.9000	0.220
2.9250	0.251
2.9500	0.287
2.9750	0.327
3.0000	0.369
3.0250	0.413
3.0500	0.462
3.0750	0.511
3.1000	0.561
3.1250	0.613
3.1500	0.664
3.1750	0.716
3.2000	0.768
3.2250	0.820
3.2500	0.870
3.2750	0.919
3.3000	0.964
3.3250	1.008
3.3500	1.049
3.3750	1.087
3.4000	1.122
3.4250	1.153
3.4500	1.180
3.4750	1.202
3.5000	1.221
3.5250	1.233
3.5500	1.243
3.5750	1.246
3.6000	1.246
3.6250	1.241
3.6500	1.230
3.6750	1.216
3.7000	1.197
3.7250	1.173
3.7500	1.147
3.7750	1.117
3.8000	1.084
3.8250	1.046
3.8500	1.007
3.8750	0.966
3.9000	0.922
3.9250	0.878
3.9500	0.831
3.9750	0.784
4.0000	0.737
4.0250	0.690
4.0500	0.644
4.0750	0.598
4.1000	0.553
4.1250	0.511
4.1500	0.468
4.1750	0.430
4.2000	0.393
4.2250	0.360
4.2500	0.330
4.2750	0.303
4.3000	0.281
4.3250	0.261
4.3500	0.247
4.3750	0.236
4.4000	0.229
4.4250	0.228
4.4500	0.229
4.4750	0.236
4.5000	0.245
4.5250	0.261
4.5500	0.278
4.5750	0.300
4.6000	0.325
4.6250	0.353
4.6500	0.386
4.6750	0.419
4.7000	0.456
4.7250	0.495
4.7500	0.536
4.7750	0.576
4.8000	0.619
4.8250	0.661
4.8500	0.704
4.8750	0.746
4.9000	0.789
4.9250	0.831
4.9500	0.870
4.9750	0.908
5.0000	0.946
5.0250	0.980
5.0500	1.012
5.0750	1.040
5.1000	1.067
5.1250	1.089
5.1500	1.109
5.1750	1.123
5.2000	1.136
5.2250	1.144
5.2500	1.148
5.2750	1.148
5.3000	1.145
5.3250	1.139
5.3500	1.128
5.3750	1.114
5.4000	1.095
5.4250	1.074
5.4500	1.051
5.4750	1.024
5.5000	0.994
5.5250	0.963
5.5500	0.930
5.5750	0.895
5.6000	0.858
5.6250	0.822
5.6500	0.784
5.6750	0.745
5.7000	0.707
5.7250	0.668
5.7500	0.631
5.7750	0.594
5.8000	0.559
5.8250	0.525
5.8500	0.493
5.8750	0.462
5.9000	0.435
5.9250	0.410
5.9500	0.386
5.9750	0.368
6.0000	0.352
6.0250	0.338
6.0500	0.328
6.0750	0.322
6.1000	0.319
6.1250	0.319
6.1500	0.324
6.1750	0.330
6.2000	0.341
6.2250	0.355
6.2500	0.372
6.2750	0.393
6.3000	0.415
6.3250	0.440
6.3500	0.467
6.3750	0.496
6.4000	0.526
6.4250	0.559
6.4500	0.592
6.4750	0.627
6.5000	0.661
6.5250	0.697
6.5500	0.732
6.5750	0.767
6.6000	0.800
6.6250	0.833
6.6500	0.864
6.6750	0.894
6.7000	0.922
6.7250	0.949
6.7500	0.972
6.7750	0.994
6.8000	1.013
6.8250	1.029
6.8500	1.043
6.8750	1.052
6.9000	1.060
6.9250	1.065
6.9500	1.065
6.9750	1.063
7.0000	1.059
7.0250	1.051
7.0500	1.040
7.0750	1.027
7.1000	1.010
7.1250	0.991
7.1500	0.971
7.1750	0.949
7.2000	0.924
7.2250	0.897
7.2500	0.870
7.2750	0.840
7.3000	0.812
7.3250	0.781
7.3500	0.751
7.3750	0.719
7.4000	0.688
7.4250	0.658
7.4500	0.628
7.4750	0.600
7.5000	0.572
7.5250	0.545
7.5500	0.522
7.5750	0.498
7.6000	0.478
7.6250	0.459
7.6500	0.441
7.6750	0.429
7.7000	0.416
7.7250	0.408
7.7500	0.402
7.7750	0.399
7.8000	0.399
7.8250	0.401
7.8500	0.405
7.8750	0.413
7.9000	0.423
7.9250	0.435
7.9500	0.451
7.9750	0.468
8.0000	0.487
8.0250	0.509
8.0500	0.531
8.0750	0.556
8.1000	0.581
8.1250	0.606
8.1500	0.635
8.1750	0.663
8.2000	0.690
8.2250	0.718
8.2500	0.745
8.2750	0.771
8.3000	0.798
8.3250	0.823
8.3500	0.848
8.3750	0.870
8.4000	0.892
8.4250	0.911
8.4500	0.928
8.4750	0.944
8.5000	0.957
8.5250	0.968
8.5500	0.977
8.5750	0.983
8.6000	0.986
8.6250	0.988
8.6500	0.988
8.6750	0.985
8.7000	0.979
8.7250	0.971
8.7500	0.961
8.7750	0.949
8.8000	0.935
8.8250	0.919
8.8500	0.902
8.8750	0.883
8.9000	0.864
8.9250	0.842
8.9500	0.820
8.9750	0.798
9.0000	0.774
9.0250	0.751
9.0500	0.727
9.0750	0.704
9.1000	0.680
9.1250	0.657
9.1500	0.635
9.1750	0.613
9.2000	0.592
9.2250	0.573
9.2500	0.554
9.2750	0.537
9.3000	0.523
9.3250	0.511
9.3500	0.500
9.3750	0.490
9.4000	0.482
9.4250	0.478
9.4500	0.474
9.4750	0.473
9.5000	0.474
9.5250	0.478
9.5500	0.482
9.5750	0.490
9.6000	0.500
9.6250	0.511
9.6500	0.523
9.6750	0.537
9.7000	0.553
9.7250	0.569
9.7500	0.587
9.7750	0.606
9.8000	0.625
9.8250	0.646
9.8500	0.666
9.8750	0.686
9.9000	0.707
9.9250	0.727
9.9500	0.748
9.9750	0.767
10.0000	0.785
10.0250	0.804
10.0500	0.820
10.0750	0.837
10.1000	0.851
10.1250	0.864
10.1500	0.875
10.1750	0.884
10.2000	0.894
10.2250	0.900
10.2500	0.903
10.2750	0.906
10.3000	0.908
10.3250	0.906
10.3500	0.903
10.3750	0.900
10.4000	0.894
10.4250	0.888
10.4500	0.878
10.4750	0.869
10.5000	0.858
10.5250	0.845
10.5500	0.833
10.5750	0.818
10.6000	0.803
10.6250	0.789
10.6500	0.773
10.6750	0.756
10.7000	0.740
10.7250	0.724
10.7500	0.707
10.7750	0.691
10.8000	0.675
10.8250	0.660
10.8500	0.644
10.8750	0.630
10.9000	0.617
10.9250	0.605
10.9500	0.594
10.9750	0.583
11.0000	0.575
11.0250	0.567
11.0500	0.561
11.0750	0.556
11.1000	0.551
11.1250	0.550
11.1500	0.550
11.1750	0.550
11.2000	0.553
11.2250	0.556
11.2500	0.562
11.2750	0.569
11.3000	0.575
11.3250	0.584
11.3500	0.594
11.3750	0.605
11.4000	0.616
11.4250	0.628
11.4500	0.641
11.4750	0.655
11.5000	0.669
11.5250	0.682
11.5500	0.696
11.5750	0.710
11.6000	0.724
11.6250	0.737
11.6500	0.749
11.6750	0.762
11.7000	0.774
11.7250	0.785
11.7500	0.795
11.7750	0.804
11.8000	0.814
11.8250	0.820
11.8500	0.826
11.8750	0.831
11.9000	0.836
11.9250	0.837
11.9500	0.839
11.9750	0.839
12.0000	0.839
12.0250	0.836
12.0500	0.833
12.0750	0.829
12.1000	0.825
12.1250	0.818
12.1500	0.811
12.1750	0.804
12.2000	0.795
12.2250	0.787
12.2500	0.778
12.2750	0.768
12.3000	0.759
12.3250	0.748
12.3500	0.738
12.3750	0.727
12.4000	0.718
12.4250	0.707
12.4500	0.696
12.4750	0.686
12.5000	0.677
12.5250	0.668
12.5500	0.658
12.5750	0.650
12.6000	0.642
12.6250	0.636
12.6500	0.630
12.6750	0.625
12.7000	0.620
12.7250	0.617
12.7500	0.614
12.7750	0.613
12.8000	0.613
12.8250	0.613
12.8500	0.613
12.8750	0.614
12.9000	0.617
12.9250	0.620
12.9500	0.625
12.9750	0.630
13.0000	0.636
13.0250	0.642
13.0500	0.650
13.0750	0.657
13.1000	0.664
13.1250	0.674
13.1500	0.682
13.1750	0.690
13.2000	0.699
13.2250	0.707
13.2500	0.715
13.2750	0.723
13.3000	0.730
13.3250	0.738
13.3500	0.746
13.3750	0.752
13.4000	0.759
13.4250	0.765
13.4500	0.770
13.4750	0.774
13.5000	0.778
13.5250	0.781
13.5500	0.784
13.5750	0.785
13.6000	0.785
13.6250	0.787
13.6500	0.787
13.6750	0.785
13.7000	0.784
13.7250	0.781
13.7500	0.779
13.7750	0.776
13.8000	0.773
13.8250	0.768
13.8500	0.763
13.8750	0.759
13.9000	0.754
13.9250	0.749
13.9500	0.745
13.9750	0.738
14.0000	0.732
14.0250	0.727
14.0500	0.721
14.0750	0.715
14.1000	0.710
14.1250	0.704
14.1500	0.699
14.1750	0.694
14.2000	0.688
14.2250	0.683
14.2500	0.680
14.2750	0.675
14.3000	0.672
14.3250	0.669
14.3500	0.666
14.3750	0.664
14.4000	0.663
14.4250	0.661
14.4500	0.661
14.4750	0.660
14.5000	0.660
14.5250	0.661
14.5500	0.661
14.5750	0.663
14.6000	0.666
14.6250	0.668
14.6500	0.671
14.6750	0.674
14.7000	0.677
14.7250	0.680
14.7500	0.685
14.7750	0.688
14.8000	0.693
14.8250	0.696
14.8500	0.701
14.8750	0.704
14.9000	0.707
14.9250	0.712
14.9500	0.715
14.9750	0.718
15.0000	0.721
15.0250	0.724
15.0500	0.727
15.0750	0.730
15.1000	0.732
15.1250	0.734
15.1500	0.737
15.1750	0.737
15.2000	0.738
15.2250	0.738
15.2500	0.738
15.2750	0.738
15.3000	0.738
15.3250	0.738
15.3500	0.738
15.3750	0.738
15.4000	0.737
15.4250	0.737
15.4500	0.735
15.4750	0.734
15.5000	0.732
15.5250	0.730
15.5500	0.729
15.5750	0.727
15.6000	0.726
15.6250	0.724
15.6500	0.723
15.6750	0.721
15.7000	0.719
15.7250	0.718
15.7500	0.715
15.7750	0.713
15.8000	0.713
15.8250	0.712
15.8500	0.710
15.8750	0.708
15.9000	0.707
15.9250	0.707
15.9500	0.705
15.9750	0.705
16.0000	0.704
16.0250	0.704
16.0500	0.702
16.0750	0.702
16.1000	0.702
16.1250	0.702
16.1500	0.702
16.1750	0.702
16.2000	0.702
16.2250	0.702
16.2500	0.704
16.2750	0.704
16.3000	0.704
16.3250	0.705
16.3500	0.705
16.3750	0.705
16.4000	0.707
16.4250	0.707
16.4500	0.707
16.4750	0.707
16.5000	0.708
16.5250	0.708
16.5500	0.708
16.5750	0.710
16.6000	0.710
16.6250	0.710
16.6500	0.710
16.6750	0.710
16.7000	0.710
16.7250	0.710
16.7500	0.710
16.7750	0.710
16.8000	0.710
16.8250	0.710
16.8500	0.710
16.8750	0.710
16.9000	0.710
16.9250	0.710
16.9500	0.710
16.9750	0.710
17.0000	0.710
17.0250	0.710
17.0500	0.710
17.0750	0.710
17.1000	0.710
17.1250	0.710
17.1500	0.710
17.1750	0.710
17.2000	0.710
17.2250	0.710
17.2500	0.710
17.2750	0.710
17.3000	0.710
17.3250	0.710
17.3500	0.710
17.3750	0.710
17.4000	0.710
17.4250	0.710
17.4500	0.710
17.4750	0.710
17.5000	0.710
17.5250	0.710
17.5500	0.710
17.5750	0.710
17.6000	0.710
17.6250	0.710
17.6500	0.710
17.6750	0.710
17.7000	0.710
17.7250	0.710
17.7500	0.710
17.7750	0.710
17.8000	0.710
17.8250	0.710
17.8500	0.710
17.8750	0.710
17.9000	0.710
17.9250	0.710
17.9500	0.710
17.9750	0.710
18.0000	0.710
18.0250	0.710
18.0500	0.710
18.0750	0.710
18.1000	0.710
18.1250	0.710
18.1500	0.710
18.1750	0.710
18.2000	0.710
18.2250	0.710
18.2500	0.710
